color_blue   = [0, 0.5, 0.9];
color_red    = [0.6350, 0.0780, 0.1840];
color_Lightblue = [0.3010 0.7450 0.9330];
color_green  = [0.4660, 0.6740, 0.1880];
color_yellow = [0.9290, 0.6940, 0.1250];
color_orange = [0.8500, 0.3250, 0.0980];
color_black  = [0 0 0];
color_magenta = [0.8 0.1 0.7];
color_blueBlindFriendly   = [0.40, 0.66, 0.81];
color_OrangeBlindFriendly = [0.94, 0.54, 0.38];
color_white  = [1 1 1];
color_gray    = [0.7 0.7 0.7];

color_1   = [0.8941176470588236  0.10196078431372549 0.10980392156862745]; % https://colorbrewer2.org/#type=qualitative&scheme=Set1&n=6
color_2   = [0.21568627450980393 0.49411764705882355 0.7215686274509804];
color_3   = [0.30196078431372547 0.6862745098039216  0.2901960784313726];
color_4   = [0.596078431372549   0.3058823529411765  0.6392156862745098];
color_5   = [0 0.4980392156862745 0];
color_6   = [1 1 0.2]*0.8;
color_7   = [0.6509803921568628 0.33725490196078434 0.1568627450980392];
color_8   = [0.9686274509803922 0.5058823529411764  0.7490196078431373];
color_9   = [0.6 0.6 0.6];

color_1b   = [0.6509803921568628  0.807843137254902   0.8901960784313725]; % https://colorbrewer2.org/#type=qualitative&scheme=Set1&n=6
color_2b   = [0.12156862745098039 0.47058823529411764 0.7058823529411765];
color_3b   = [0.6980392156862745  0.8745098039215686  0.5411764705882353];
color_4b   = [0.2                 0.6274509803921569  0.17254901960784313];
color_5b   = [0.984313725490196   0.6039215686274509  0.6];
color_6b   = [0.8901960784313725  0.10196078431372549 0.10980392156862745];
color_7b   = [0.9921568627450981  0.7490196078431373  0.43529411764705883];
color_8b   = [1 0.4980392156862745 0];
color_9b   = [0.792156862745098    0.6980392156862745  0.8392156862745098];
color_10b   = [0.41568627450980394 0.23921568627450981 0.6039215686274509];
color_11b   = [1 1 0.6];
color_12b   = [0.6941176470588235 0.34901960784313724 0.1568627450980392];

marker    = '.'; 
marker0     = '.'; 
markerNO    = 'none';
marker2p8   = 'diamond'; 
marker16p8  = '^';
marker20    = 'square';
marker11    = 'x';

MarkerSize = 25;

MarkerSize0    = 10;
MarkerSize2p8  = 10;
MarkerSize16p8 = 10;
MarkerSize20   = 12;
MarkerSize11   = 15;

legendLocation = 'North';
legendOrientation = 'horizontal';
LegendSize = 25;
LineWidthValue = 2;
CapSize = 4;
TextSize = 30;
EdgeAlphaValue = 0;
FaceAlphaValue = 0.4;
set(0, 'DefaultFigureRenderer', 'painters');